51
39
57
71
29
34
72
40
88
52
57
67
34
2
62
30
23
94
98
30
54
98
19
55
49
89
64
0
2
42
34
70
1
38
21
21
58
15
22
63
98
81
13
95
16
85
81
19
36
17
9
13
44
97
80
48
22
100
8
88
20
54
60
39
17
12
44
53
97
73
34
58
51
96
14
26
97
17
39
43
13
42
26
67
65
24
34
79
83
34
23
44
96
74
15
83
78
20
14
1
3
51
71
7
100
22
40
12
91
44
55
43
92
20
32
2
6
20
19
13
10
73
62
5
27
100
26
45
54
72
85
46
0
64
1
41
15
82
22
53
75
66
22
45
33
70
24
62
2
18
68
1
77
26
32
7
59
62
94
81
9
43
94
39
43
11
39
88
92
14
66
31
87
9
46
74
45
91
48
65
31
70
72
46
55
30
50
76
70
84
37
87
98
34
37
62
58
28
3
23
39
16
25
30
35
48
50
52
72
63
94
80
12
58
90
37
63
36
94
35
86
96
33
5
40
25
20
89
35
40
37
48
9
94
0
45
42
19
42
73
66
99
39
33
26
63
64
5
11
99
40
1
58
97
82
40
82
28
8
0
89
14
88
78
79
70
35
9
56
89
44
7
85
57
75
45
99
29
87
96
94
40
3
81
93
78
9
48
87
32
93
96
40
7
19
17
22
94
59
68
91
12
28
46
78
24
34
29
57
48
65
13
12
23
36
8
100
63
11
21
17
11
93
41
3
85
81
8
62
75
39
100
10
32
34
11
66
81
6
87
58
24
23
22
37
83
66
57
32
86
65
51
53
88
52
60
71
42
99
89
46
39
22
65
73
58
68
36
96
1
40
8
60
5
64
51
12
90
39
32
89
89
27
65
100
12
91
73
38
30
54
13
55
42
24
84
13
24
72
84
79
75
36
5
3
19
74
31
85
13
91
12
30
78
64
85
79
7
84
0
81
97
64
56
17
34
17
91
12
65
80
58
26
23
2
85
96
19
92
51
68
63
59
72
62
31
79
63
32
66
79
57
73
61
22
86
28
53
62
99
6
26
32
98
81
39
66
74
0
86
10
59
55
23
51
41
64
84
92
76
17
47
67
9
87
17
98
96
37
8
50
28
53
38
44
12
70
75
36
37
87
67
21
21
17
54
100
97
13
60
82
33
16
84
53
77
22
90
50
48
0
100
4
44
96
32
68
68
25
53
33
12
71
91
28
46
82
32
33
66
60
40
98
95
73
86
65
30
99
70
89
76
71
29
71
65
8
13
100
32
89
16
49
0
15
17
2
40
86
39
28
57
11
65
96
49
39
59
54
27
80
77
89
7
96
81
89
47
70
59
35
23
86
39
53
38
95
18
93
51
16
76
63
89
67
63
93
26
17
95
26
52
43
92
56
54
14
53
64
97
84
7
38
30
37
30
43
48
44
38
11
26
30
30
72
96
28
59
17
100
76
77
82
36
25
48
68
29
99
71
94
98
69
57
39
76
48
2
26
49
84
32
41
23
16
90
10
52
81
2
79
62
27
39
74
3
51
30
66
89
53
95
84
23
20
26
33
92
84
54
83
85
15
42
98
91
61
25
91
32
3
91
24
67
22
5
82
35
4
48
2
20
53
89
97
99
64
63
51
31
7
64
15
77
80
63
45
95
95
42
88
28
54
33
36
5
64
66
41
0
23
8
62
99
98
68
8
85
86
2
71
31
36
28
95
25
81
93
79
3
47
58
20
49
73
95
68
53
93
62
25
52
41
20
1
47
10
35
93
33
76
27
12
22
19
44
4
54
9
100
20
14
88
95
99
15
88
48
7
100
91
49
74
72
6
30
46
26
100
26
97
64
60
66
83
74
93
94
41
56
60
89
99
78
61
49
50
19
76
35
30
7
93
2
5
26
9
11
82
10
14
52
5
53
84
29
72
83
72
45
47
97
14
59
18
22
41
94
11
55
35
59
77
12
92
46
74
47
25
50
46
57
48
72
95
31
96
35
82
87
65
90
88
14
73
60
69
80
15
56
1
36
71
63
56
73
15
100
64
98
98
79
22
62
70
63
35
89
93
51
46
19
36
47
12
7
34
93
25
90
8
53
90
82
79
78
0
83
39
31
70
83
27
81
10
89
83
53
61
16
44
5
63
8
96
48
48
0
70
41
87
65
47
59
19
10
57
26
62
84
31
57
84
21
0
74
33
75
46
84
20
84
0
90
44
83
25
55
59
59
59
51
98
53
34
34
51
27
50
86
100
100
74
24
7
13
38
96
0
46
