12
7
54
13
4
2
66
8
4
11
16
9
12
13
16
13
19
6
7
9
34
17
74
14
5
19
10
60
17
9
11
6
13
13
6
44
19
18
14
42
4
56
17
19
2
0
1
6
51
16
8
13
3
14
12
2
5
18
2
17
17
61
10
6
1
7
9
3
32
1
53
45
14
0
0
16
14
6
3
15
26
3
19
11
76
10
36
19
12
1
14
31
0
7
5
13
12
1
10
9
8
7
14
20
13
78
1
54
16
0
74
6
7
100
5
85
7
4
6
12
8
12
5
17
9
5
37
85
2
18
0
8
18
29
8
30
6
86
67
10
0
7
5
0
32
1
12
83
0
2
3
7
17
6
0
52
3
4
2
12
7
2
12
4
58
11
11
13
13
15
17
12
9
38
1
24
10
14
60
2
19
7
18
10
13
13
10
10
18
6
2
5
74
0
18
97
17
9
18
11
26
7
56
39
2
10
10
17
4
19
52
60
59
41
9
42
17
17
30
1
9
8
12
5
0
24
6
17
14
13
59
8
10
8
13
16
17
5
11
7
7
14
1
6
6
17
18
2
14
2
12
12
5
8
5
2
13
81
58
16
0
27
3
9
4
37
19
17
10
15
9
10
25
19
9
18
23
14
16
68
15
75
11
5
74
18
2
67
11
40
87
12
17
67
3
14
20
3
0
15
64
12
72
20
14
14
65
13
2
13
33
6
13
26
75
6
87
4
2
5
16
7
12
9
12
10
86
100
44
92
0
19
0
3
4
3
3
92
8
18
11
5
11
19
12
23
69
14
6
9
19
12
5
11
14
11
11
15
1
2
14
64
14
30
9
7
18
0
13
9
51
12
14
19
18
69
5
14
39
15
91
3
69
14
4
12
15
11
14
2
2
5
12
16
98
17
43
98
74
76
12
92
70
5
74
18
62
17
10
2
0
12
25
15
5
0
21
1
13
16
1
14
67
95
4
16
18
1
17
12
2
19
4
3
4
2
4
6
33
9
1
18
2
19
10
16
10
3
19
12
20
3
1
6
13
3
15
72
9
11
16
71
2
19
16
92
12
3
3
13
7
8
9
6
18
19
2
4
0
2
96
19
16
10
10
58
1
15
65
0
5
0
72
17
0
52
5
23
7
31
12
66
4
12
10
12
11
9
22
18
0
16
10
14
4
28
4
13
16
14
9
17
12
8
12
17
93
8
17
12
17
7
13
9
7
0
34
9
24
9
18
2
1
18
13
15
92
33
13
59
8
8
19
4
13
3
15
50
16
16
19
19
12
14
54
14
8
9
12
3
15
7
18
1
4
18
50
24
4
14
3
1
3
11
4
10
78
72
10
16
2
16
56
1
22
17
9
11
9
16
12
13
18
8
74
69
91
9
3
3
1
17
96
7
16
7
6
6
86
13
17
95
6
6
42
5
54
17
32
19
10
19
54
2
7
2
15
57
1
12
3
1
16
7
13
3
13
14
13
14
12
91
18
4
1
11
54
15
26
81
1
2
31
18
1
2
8
14
10
10
67
18
1
35
6
6
1
26
78
0
5
1
27
0
7
5
7
58
13
8
6
88
3
5
40
13
70
77
6
13
16
14
13
9
12
2
99
25
0
9
2
6
13
17
9
9
6
3
1
12
12
2
17
11
11
16
4
3
8
8
6
8
1
6
79
11
1
9
44
3
3
12
4
10
15
2
13
18
18
13
19
17
5
17
1
7
76
5
19
88
60
14
7
5
6
19
13
9
4
13
1
1
3
12
16
8
7
12
19
4
98
6
53
7
3
7
15
19
18
16
11
14
7
17
16
14
5
6
1
4
3
1
3
15
11
96
11
19
34
6
15
12
14
17
10
71
6
3
18
14
1
98
2
5
19
97
20
10
44
30
4
84
3
4
0
19
2
14
9
19
13
19
71
10
11
4
0
10
15
1
16
4
41
14
11
0
14
2
70
7
1
16
73
2
3
7
71
17
68
13
28
80
13
1
4
50
2
15
46
10
12
18
88
9
13
5
14
6
50
21
7
54
6
0
16
7
64
8
10
7
10
18
51
17
5
19
10
71
30
0
9
8
4
4
95
15
5
16
7
0
17
8
0
3
2
0
6
52
3
29
14
7
16
7
17
11
5
2
0
0
1
3
4
0
4
0
2
14
17
18
12
2
10
54
19
5
1
13
17
7
66
0
7
3
7
54
66
1
14
6
7
20
10
70
7
15
7
55
12
5
19
3
12
13
18
14
12
12
19
12
14
12
14
14
17
5
10
52
13
14
